m = 2; 
n = 4;
A = [2,1,1,0;1,2,0,1];
b = [4;3];
base = [1,4];
c = [-1, -1, 0, 0];

m = 3; 
n = 4;
A = [3,2,1,2;1,1,1,1;4,3,3,4];
b = [225;117;420];
base = [2,3,4];
c = [-19, -13, -12, -17];

m = 3; 
n = 6;
A = [1,1,1,1,0,0;2,1,-1,0,-1,0;0,-1,1,0,0,-1];
b = [40;10;10];
base = [1,3,4];
c = [-2,-3,-1,0,0,0];

A = [-1,1,1,0;1,-2,0,1];
b = [1;2];
c = [-2,-1,0,0];
m = 2; 
n = 4;
base = [3,4];

A = [4.73, -4.73,  10.3,  -10.3, -1,  0, 0, 0, 0;
    -0.83,  0.83,  1.05,  -1.05,  0, -1, 0, 0, 0;
    -1.56,  1.56, -0.02,   0.02,  0,  0, 1, 0, 0;
    -2.11,  2.11, 10.22, -10.22,  0,  0, 0, 1, 0;
     8.32, -8.32, 12.38, -12.38,  0,  0, 0, 0, 1];
b = [4.88; -3.61; 1.78; 77.52; 120.26];
c = [1.5; -1.5; -0.25; 0.25; 0; 0; 0; 0; 0]';
n = 9;
m = 5;
base = [1, 4, 7, 8, 9];